Resultados:

BETO:
acc: 1.0

DistilBert:
acc: 0.9786666666666667
f1: 0.9816232771822359

BERT:
acc: 0.9573333333333334
f1: 0.963302752293578

Bertin:
acc: 0.9928888888888889

DistilBert_2: (3 labels)
acc: 0.9786666666666667

Ruperta_Fake:
acc: 0.9982222222222222
f1: 0.9984615384615385